0.0059233232339985465
0.030885036949330244
0.05385689773451304
0.07784537630854174
0.12571106367977336
0.1718712180037983
0.21591317577520386
0.2903638306260109
0.3322890090569854
0.3383770577702671
0.3601600085687824
0.4469132609758526
0.5321772972866893
0.4172387239616364
0.4917038073483855
0.6180328661203385
0.5567541183624417
0.5895769563294015
0.6596108142659068
0.7925549440924078
0.795717051466927
0.7838407474011183
1.0700069074518979
1.3297239311318845
0.984195637917146
1.083085115738213
1.2104648128151894
1.0220513772498816
1.1205277820397168
1.4218908790126443
1.4125555956363678
1.4778268162719905
1.1446273850044235
1.1458535461965949
1.2799029635265469
1.438770531490445
1.6667936856485903
1.368672351334244
1.376587061677128
1.7127710136584937
1.7310913055576385
1.4825844889879227
1.574994241129607
2.1159016855806114
2.6182268595695497
2.7643368016183376
2.475607920307666
2.8841143918223677
2.585509975347668
2.6606477485224604
2.8968500283360483
3.129198147654533
2.982359322346747
2.484043021686375
2.7810106100142002
2.8343041851278397
2.9783584050089122
3.009213297404349
2.9491229587048293
3.37632895283401
3.4126639557257294
2.9532805607840418
2.780377884507179
2.8746194257587194
2.7343995509669186
2.7731680752243846
3.1185139651596545
2.7290220775827767
2.9682882448285817
3.102477264404297
2.9395915783196687
3.200792097225785
3.0455782333016397
3.071821728050709
3.2095374996215105
3.4781795918941496
3.3767285674810408
3.1950450104475023
3.2332544293254615
3.221911997385323
3.1224752310290933
2.8139267918560655
3.0084778366517275
3.271709012631327
3.3847286438941957
3.233668963909149
3.505589011311531
3.3571768455207347
3.2099960489571093
3.1294277396053074
3.345376162156463
3.1516910915076735
3.065956234484911
3.154741553030908
3.126262945756316
3.492160493209958
3.1659440910816192
3.737618958055973
3.2207371628284456
3.262845072373748
3.138124167751521
3.306561928242445
3.310348924398422
3.574097494482994
3.7761435955762863
3.6124416483938693
4.110381595194339
3.507850837856531
3.6021467941999434
3.38475894510746
3.2190055957436563
3.521588054522872
3.456748608201742
3.0912644150853157
3.294087801128626
3.6414140489697457
3.3704957258701325
3.6166187770664693
3.7507134860754014
3.480871894285083
3.2989426282793284
3.4654912994802
3.279466424137354
3.3313545770943165
3.4173922181129455
3.1224675177037717
3.297884019613266
3.54854928702116
3.697895631492138
3.3508622068166733
3.516508688926697
3.855493780374527
3.799358876347542
3.475274976231158
3.6976639184728266
3.887646437138319
3.7939323940873146
3.6305530720949175
4.13763378161937
3.9738392561674116
3.865544906258583
3.3507696440815926
4.310258422493934
4.4039011123776435
4.337639461755753
4.326439747810364
4.027560389190913
4.4331880348920825
4.241720512211323
3.7998576501011847
4.008048136234283
4.432567307949066
3.9056562516093254
3.8239496207237242
3.723163415491581
3.8620480832457544
3.9824248775839806
3.9122935162484644
4.461471406668425
4.233968270421028
4.303090858692303
4.569929185742512
3.907575001716614
3.7985333636403085
3.930209676325321
4.196254852414131
4.602611703872681
4.5876704770326615
4.246967517733574
5.00021605193615
4.605893239974976
4.699584898352623
4.650026441216469
4.347232884466648
4.73726452678442
4.673277156949044
4.691022219955921
4.856478997915983
4.897880092263222
4.897580958604813
5.062402745485306
4.975222706794739
5.19499930858612
4.902194391638041
5.026986845731735
5.367762123346329
5.126529184579849
4.82682452917099
5.088509656488895
4.770217961668968
5.178022615909576
5.0496520668268206
4.731437788009644
4.957204233407975
4.694933585077524
5.0613015753030774
5.055378767549992
4.947060103714466
5.009882000684738
5.1408379535377025
5.0834985297173265
4.858022542595863
5.321612311005592
5.3614441508054735
5.50136532947421
5.151407594531775
5.181623146533966
5.340129001736641
5.466357078552246
5.647114636898041
5.478929846286774
5.85837638437748
5.86071810722351
5.8697651997208595
5.8760554701089855
5.821741546392441
5.778480211496353
5.870486412271857
5.679669131264091
5.516676958501339
5.9390466301143165
5.671695747673511
5.973825544267893
6.366531792283058
6.216459476947785
6.236573267579079
6.052028206586837
6.190053945183754
6.090589050650596
6.4993484330177305
6.171691189408302
6.595506997704506
6.281478745937347
6.661947703361511
6.015821985006332
6.11940297216177
6.567306695431471
6.189243678748608
6.691275512576103
6.395785754323006
7.115536055713892
6.994897673726082
7.309406474232674
6.774281718581915
7.366464322805404
6.80300871014595
6.878566908836365
6.821562709324062
7.018964954726398
7.3435463246703145
8.193685686588287
7.532337886989117
7.2124985858798025
7.530287425518036
7.862723805308342
8.187595601081847
6.777650313973427
6.989730696678162
7.737125805616379
7.762271666824818
7.725866367816925
8.457221095561982
8.158401354551316
8.771430622935295
8.703320841193198
8.78100146651268
9.480596826076507
9.119606927633285
8.708708597421646
9.141447967290878
8.866899571716786
9.474406414031982
9.459184573888779
8.567035065293313
9.420335155725478
9.454136439561843
9.51741904258728
9.854851977825165
10.465114251375198
10.3405906945467
10.372925631403923
10.286219449043275
9.514268575906753
9.577697923183441
9.96173902221024
9.502078918218613
9.655293556451797
9.776047987639904
9.373211809247731
9.950299219489098
11.077572382837534
10.901016009747982
10.891005612909794
10.935152467489242
11.62723058104515
11.213090620040894
11.442137378454209
11.650798056125641
11.399885309934616
11.626449930667878
11.6567060816288
12.016218293905258
12.437117829918861
11.667359328269958
12.500073261260987
12.422159246504307
12.808242735862732
12.567295877933502
13.037424750328064
12.825145281255246
12.862633968293666
13.395804581046104
13.05744915187359
13.092808251380921
13.590402563810349
13.03254225373268
12.41061210155487
12.436020811665804
12.285204997509718
12.968220870792866
13.493233600854873
13.185269395112991
13.60487558722496
14.137152201533318
14.558766057491303
14.314067581892013
14.474468531608581
14.401075429916382
14.350426630973816
14.289825821518898
14.550094289183617
14.188780575990677
14.799844965934753
14.973474073410035
15.035492088794708
15.00200881242752
14.709575619995594
15.310251541733741
15.288108954429626
15.282001395225524
15.524762389659882
15.865444953441619
15.746511228084564
15.992231171131134
16.51233687877655
16.333526649475097
16.09955400943756
16.245950503349306
16.031469638347627
15.257427008152009
15.147142869234084
15.614837384223938
15.75337372303009
15.98112973690033
16.37710506916046
16.81153090953827
17.348289957046507
16.908547773361207
16.172527502775193
16.66250165462494
16.994535551071166
17.264473819732665
17.135585844516754
16.833896570205688
16.8067049908638
17.467655782699584
17.070555901527406
17.713563919067383
17.356524066925047
17.433207268714906
17.835834188461305
17.798927841186522
17.503948192596436
17.538663349151612
17.624338335990906
17.676979842185975
17.90972023487091
17.43903762817383
17.28582108974457
17.259955537319183
17.809019153118133
17.33623710155487
17.298777914047243
16.84991354227066
17.23360209107399
17.135419845581055
17.59102949619293
18.25693797111511
17.68905571937561
18.414320697784422
18.784187746047973
18.81929232597351
18.390697994232177
18.192574462890626
18.439413499832153
18.190949573516846
18.184341032505035
18.087332479953766
18.817659373283387
19.01384213447571
18.92042026042938
18.775197190493344
18.390782210081817
18.532307822704315
18.589360237121582
18.63116648197174
18.915849494934083
18.42485960960388
18.129829025268556
18.49500738620758
18.109396488666533
17.309052658081054
17.27503380358219
17.57145627737045
17.717465505599975
17.68782165646553
17.89656532883644
19.192257466316224
18.976754326820373
19.311241154670714
19.228166899681092
19.61417657852173
19.10920501381159
18.551053268015384
19.307247948646545
19.028400950431823
19.0943141579628
18.828211805820466
19.359327392578123
19.946520471572875
19.765400199890138
19.80742091178894
19.167195092439652
19.14025447487831
18.89609830379486
19.678412108421327
19.748613929748537
19.46004738330841
19.205911285877228
18.89280566215515
19.383958058357237
18.877740681171417
18.291959204673766
18.17177089303732
18.313015156686305
19.069216194152833
18.90463505744934
18.615080299377443
18.906973553597926
19.656383911073206
19.893693203926087
19.478513419628143
19.513169004917145
19.617688295841216
19.936685500144957
19.801881246566772
20.04834013968706
19.719600309431552
19.35488635927439
19.30875456929207
18.834749418497086
20.164103264808656
19.73264766216278
19.72008612155914
19.708170113563536
19.80343723297119
19.394609535932542
19.855855603218078
19.498514766693116
18.993996439632028
18.82366606062278
19.619802861213685
18.938190596103667
18.24298686981201
19.669722995758057
18.890744614601136
19.34058979988098
19.847975277900694
20.043172132968902
20.216719133853914
20.075387535095214
20.1763667678833
19.714437477588653
20.182768535614013
20.237500410079956
20.080189180374145
20.178627314567567
20.11060068130493
20.09698040008545
19.88825183868408
20.15740888595581
20.241200189590455
20.258173367977143
20.34157359600067
20.57036506652832
20.265413064956665
20.418928470611572
20.41622965812683
20.159976046979427
19.901509667336942
19.86964238166809
19.421967887878417
18.62950584769249
18.277441140711307
18.809720174372195
19.11085864305496
19.447108550667764
19.413153586983682
19.485945661067962
19.493717789649963
19.826363798379898
19.975509266257287
20.232672975063323
20.215002374649046
20.004236147403716
20.248489327430725
19.63126455426216
19.990988696813584
20.385047788619996
20.493906807899474
19.996043899804352
20.077610142976045
20.048162393569946
19.934437837600708
19.20702756136656
20.108494625091552
20.400668444633485
19.655187585949896
20.320621528625487
19.830778992548584
19.81132873862982
20.11808310508728
19.93657501220703
19.23704854667187
19.100801416635512
19.40692045211792
19.080278973579407
19.13447184085846
19.177091240882874
19.27311275959015
19.34846441745758
19.303668150901796
20.489657092094422
20.613830699920655
20.13433973520994
19.81727884232998
20.182174463272094
20.113613622188566
20.457259871959685
20.269725368022918
19.907449548244475
19.874653238654137
20.069925565123558
20.38060106754303
20.99963659286499
20.21189184948802
19.981740050315857
20.339480619430542
20.363046069145202
20.466450548172
19.97600763991475
19.679930626899004
20.31668650150299
19.960213904380797
19.75220112323761
19.52488520145416
18.578289875984193
19.0362731218338
18.47722413659096
18.934718564748763
18.326802641153336
18.79598232638091
19.659941219203173
20.174724817276
20.175786584615707
20.369094648361205
20.411655878424643
19.997316106557847
19.919555826187135
20.074984917640688
19.47521541118622
19.897389216423036
20.41047430038452
20.520969718396664
20.613738912045957
19.900033999681472
19.771252727508546
20.2193062864244
20.319390296936035
20.72503541469574
20.68606620311737
20.349671545028688
20.537915930747985
20.341412200927735
19.897872018814088
20.263631987571717
19.532672755420208
18.903182599544525
18.939255285263062
19.53058625102043
18.960482323169707
18.6679732131958
19.33597723245621
19.84420695066452
20.094206578731537
20.6845445728302
21.156323833465578
21.084057264328003
20.601512002944947
20.406296593658627
20.1894113111496
20.594029246941208
20.60545949935913
20.91363160133362
20.68124352455139
20.560745944976805
20.556497631072997
20.459763612747192
20.556700677871703
20.58386610031128
19.997256722450256
19.889371981620787
20.022366557121277
19.731789190769195
20.293113932609558
20.298228850364683
19.983582262992858
18.93882734220475
18.61267510790378
19.01770610124455
19.23239598274231
19.49954406261444
19.660195384025574
19.03247738480568
19.092033232450486
19.52851727247238
20.25637321949005
20.294955759048463
20.501566257476806
20.605696182250977
20.31097130447626
19.945931560038588
19.907380681931972
20.23731171563268
19.778318554908036
19.545627333819866
19.76151512116194
19.656531561017037
20.362093467712402
20.341872663497924
20.08498152256012
20.494061603546143
20.281460027694703
20.088579597473146
20.16437170505524
20.26618567466736
19.97289503097534
20.27687096595764
19.75034531146288
19.628594970703126
18.803946024402975
19.753693811260163
19.261961544118822
18.932710283994673
19.123338673114777
19.878150005340576
19.244439663887025
19.73080669403076
20.50474380016327
20.66168330192566
20.476444573402404
20.469267599582672
20.097049510478975
20.716041889190674
20.654678606986998
20.416451171040535
20.273310735821724
20.742504119873047
20.888761682510378
20.376505393981933
20.157654542922973
20.713743648529054
20.19251117706299
20.647760725021364
20.416035937666894
19.967754749655725
20.150494980812073
19.891388835906984
20.872504706382752
19.947843239307403
20.18988039970398
19.272310309410095
19.92423493385315
20.14934633255005
19.910124092102052
19.171985528469087
20.110463387966156
19.921932845115663
19.76232651233673
21.00854461669922
20.409995086193085
20.851466772556304
20.744426794052124
20.333350400924683
20.32398951292038
20.00594454050064
20.352544527053833
19.81955440044403
20.162518513202667
20.90095575809479
20.35753556251526
20.424922895431518
20.34689944386482
19.585553483366965
19.809644412398338
20.716714725494384
20.590691370964052
20.241557550430297
19.906613926887513
19.980286636352538
19.92472599506378
18.91963035106659
19.513893337249755
18.92317976951599
19.337729997634888
18.90493207156658
18.839681378006937
18.993850877285002
18.926268714666367
19.50189682006836
20.46360719680786
20.832888412475587
20.583387460708618
20.845444457530974
21.220396480560304
20.79113942146301
20.779729814529418
20.12191948890686
20.260180032253267
20.393922414779663
20.316641793251037
20.220510244369507
19.732615044265984
20.81992425918579
20.955540552139283
20.26440468788147
19.776276268959045
20.119608759880066
19.96773992538452
20.414472180381416
20.74864018060267
20.606739416122437
19.460693912506102
19.24060669183731
19.266836500167848
17.951544603332877
19.324368373379112
18.430313328504564
19.24074336051941
19.49526792526245
19.422228865623474
19.95384198665619
20.48118381023407
20.336325402259828
20.922301540374757
20.6647460603714
20.65919566631317
20.48351302623749
20.29907742023468
20.12360495567322
20.126377000808716
20.03202970251441
20.176929939836263
20.617260360717772
20.014588651657103
19.72586790084839
20.04886755466461
20.763685388565065
20.411294450759886
20.848741750717164
20.637439591884615
20.56723176956177
20.468672037124634
20.093310918807983
19.36966182231903
19.777461891174315
19.513039226531983
19.601059231758118
19.604085998535155
19.76275490760803
19.65219055056572
19.99249343752861
19.97229658603668
20.165747270584106
20.96055871963501
20.143666348457337
20.79279673576355
20.802124862670897
20.50498271942139
20.368247359991074
19.718477634191512
19.78986288070679
20.32566469192505
20.52798398017883
20.139363973140718
19.630724244117737
20.2134894657135
20.142944583892824
20.422855710983278
20.17402645111084
19.918750717639924
19.82101903676987
19.537746601104736
19.539171900749206
19.98671269893646
19.776213555336
18.782875277996062
19.112519767284393
18.179319798052312
19.15542503386736
19.35122272014618
18.87213624238968
19.69371957063675
20.164638833999632
20.78009189605713
20.91672360420227
20.762058901786805
20.77258973121643
20.885224637985228
20.401624937057495
20.155960550308226
20.458923411369323
19.97350940704346
20.382527861595154
21.018721089363098
21.050897617340087
20.475812702178956
20.42598193645477
20.144749917984008
20.310495104789734
20.110741744190456
20.527674074172975
20.26081931106746
20.099803757593037
19.948458666801454
19.47544970035553
20.065329785346986
19.8535648393631
19.195466585159302
18.634287154972554
18.396928887963295
18.47755708873272
19.48642320752144
19.70391293168068
19.746939121484758
20.344766449332237
20.457183260321617
20.971744556427
20.852592287063597
20.707108545303345
20.154853448867797
20.347679204940796
21.025120906829834
20.61258632183075
20.567043347358705
21.07877372264862
20.44940318107605
20.552598781585694
20.47598844528198
20.493533844947816
20.453271012306214
20.599605007171633
20.23877097129822
20.54810947418213
20.900671505928038
20.62996883869171
20.14391777038574
20.228570852279663
20.219196462631224
18.4690216255188
19.562387893199922
19.820418751239778
19.537508411407472
19.952605142593384
19.763084897398947
19.451060184836386
20.106997890472414
21.110980529785156
20.738466861248018
20.810494904518126
21.132594776153564
21.019472389221193
20.56143947124481
20.523847759366035
20.605510781407357
20.720729813575744
21.20936095237732
20.733837168216706
20.445916647911073
20.874846663475036
20.595763907432556
20.887987184524537
20.587363340854644
20.29745775461197
20.465680770874023
20.621916313171386
20.355116806030274
20.130028593540192
19.6846675658226
19.80091850280762
19.449021977484225
19.928090403079988
20.100221333503722
19.448826093673706
19.77351556301117
19.587457205057145
19.412733808755874
20.11458381175995
20.245757930278778
20.225746579170227
21.135745806694032
21.005409841537475
20.824008812904356
20.771289343833924
20.48263545513153
20.536992406845094
20.81005488395691
20.43237954854965
20.65937497138977
20.82144413948059
20.76413982629776
21.086512966156008
21.223179502487184
21.124934482574464
20.91555254459381
20.997170429229737
20.918580099344254
20.929474987983703
20.9151406955719
20.762030916213988
20.471977384090422
19.491646575927735
18.60131212234497
20.16598352909088
20.95962860107422
20.721394739151002
19.896660099029543
19.527620455622674
19.902515546828507
20.002101810202003
20.955848500803114
21.261215529441834
21.366713733673095
20.981594152450562
21.24185869216919
21.07204339981079
21.03356018066406
21.12448575973511
21.205651650428774
21.484022159576416
21.53814778327942
21.063037204742432
20.95285755574703
20.639237217903137
21.400950145721435
20.943475415706633
21.331834378242494
21.140914015769958
21.089328198432924
21.04470021724701
20.749830508232115
20.202060574293135
20.63640519142151
19.744515672121196
19.915555300712587
20.196852860450743
20.414970014095307
20.146691732406616
19.848766879439353
19.943147238492966
20.734041858911514
21.587362432479857
20.859462490081786
20.870264749526978
20.980153465270995
21.338942832946778
21.52155740737915
21.85189085960388
21.235749459266664
20.23173047360033
20.073424707725643
20.784033177606762
20.926312322616578
20.628405742645263
21.388299016952516
20.89413754463196
20.667918939590454
20.212235970497133
20.593201575279235
20.644110193252562
21.010472073554993
21.05009781360626
19.883533964529633
20.195404596328736
19.148067047595976
19.569239971637725
19.6822487449646
19.630397815704345
20.043126604557038
19.639117101430895
19.805022044181825
20.14620264649391
20.653157761096953
21.336271076202394
21.182703847885133
21.32462462425232
21.049685807228087
21.364931421279906
20.488482208251952
20.645770299434663
21.436046476364137
21.61222270965576
21.419176425933838
20.92474537372589
20.922043066099285
20.847301206588746
20.975367612838745
20.74598186969757
20.479348030090332
20.533074297904967
20.85075912952423
20.902336249351503
20.331697623729706
20.311717653274535
20.496327624320983
19.560782133340837
19.696207625865938
20.458975653648377
20.308687748908998
20.17243578672409
20.24036489248276
20.64626639842987
20.298716077804567
20.63240268230438
21.1252916765213
21.40231716156006
21.56756712913513
21.36327905654907
21.148667917251586
21.079756116867067
21.38295606613159
21.03039456367493
20.89951139450073
21.07030866622925
20.94108142852783
20.98867992401123
20.7313498210907
21.298166313171386
20.867051916122435
20.804293612837792
21.28821838378906
21.411404428482054
21.50584468841553
20.77100164413452
20.45995259284973
19.48517655134201
20.021891680955886
19.99658689022064
20.35181819677353
19.97680068254471
20.12601513147354
20.641665024757387
20.908651975393294
19.71840137511492
20.658851923048495
20.44436670422554
21.369262125492096
21.572922983169555
21.84283188819885
21.312140045166014
21.09427124977112
21.17144515991211
21.48125002861023
21.202807614803316
21.207010867595674
21.47707177400589
20.770526258945466
21.011277446746828
21.026690058410168
21.228189406394957
21.296840295791625
21.374567594528198
21.083291988372803
21.176543216705323
21.5550403881073
21.42358057022095
21.01909866809845
20.351964135169982
20.372480592727662
20.138312162160872
19.759755415543914
20.758315018415452
20.961455837488174
20.653308261930942
19.430713135302067
20.19064255475998
21.317185621261597
21.943305587768556
21.236388063430788
21.67379853248596
21.729353275299072
21.717241592407227
21.78117209434509
21.748606243133544
21.417643966674806
21.750869750976562
21.358084115982056
21.133001704216003
21.08968738555908
21.301422047615052
21.765957317352296
21.792635326385497
21.6215345287323
21.371416969299318
21.054747483730317
21.333440005779266
21.643511633872986
21.444128437042238
20.760015850067138
19.46911304473877
20.095851987600327
20.84284477472305
20.421568639278412
20.275807843208312
20.061779009103773
20.674920526742934
20.771491870880126
21.13729520320892
21.62664848804474
21.653186507225037
20.99519280910492
21.31965563774109
21.6126149559021
21.28182551383972
21.098987940978258
20.737723159026356
21.471045980453493
21.21606911301613
21.561263484954836
20.897227025032045
21.82881601333618
21.12292414665222
21.295779275894166
21.69212959289551
21.38197208404541
21.176684379577637
20.97663511276245
21.655013222694397
20.649734964370726
20.65350920677185
20.36754222869873
20.535758752822876
20.589632983207704
20.59026554942131
20.55188096880913
20.10751631975174
19.81304122686386
20.118124490976335
21.163656713962556
21.79793685913086
21.78076066970825
21.54774793624878
21.530186185836794
21.561001811027527
21.773684344291688
21.68373469352722
21.339090123176575
21.303198590278626
21.575804114341736
21.435233306884765
21.689983205795286
21.22614774465561
21.311300971508025
21.29031639099121
21.28831132888794
21.575814647674562
21.809173765182496
21.577154223024845
21.665224466323853
20.925383734703065
20.049863862991334
21.232108211517335
20.299477600455283
21.220862045288087
20.820744614601136
20.57055359125137
19.883301165103912
19.655285201072694
20.415974533557893
21.318599120378494
21.35126655936241
21.790129871368407
21.74571539402008
21.505611124038698
21.80698413848877
21.689638595581055
21.46161229133606
21.819349584579466
22.023849496841432
22.011374006271364
21.961729574203492
21.78220460653305
21.139548816680907
21.963037090301512
21.660216064453124
21.5848637676239
22.150922117233275
21.98116159439087
21.551711268424988
21.707164072990416
21.751429896354676
20.91924249649048
20.72589095592499
19.408845995664596
20.076339927911757
20.301495438814165
21.06684313774109
20.61780388712883
20.086595529317854
20.115651470422744
20.982747176885606
21.591270899772645
21.86727642059326
21.810019493103027
21.527431468963623
21.38049566745758
21.457104840278625
21.672183361053467
21.68443864822388
21.35852897644043
20.752594327926637
21.61117600440979
21.289705414772033
21.290410900115965
21.602042660713195
21.25339213371277
21.794391164779665
21.207543416023256
21.332681546211244
21.752076387405396
21.58643717765808
21.443047747612
21.274060168266296
20.875537208914757
20.625258951187135
20.51428477168083
21.00960491657257
21.101985051631928
21.0817001080513
20.904987592697143
20.994040830135347
21.32144205093384
21.750788679122923
21.772787885665892
21.852491159439086
21.668717546463014
21.70819501876831
21.336747872829438
21.549754438400267
21.524355297088622
21.734080214500427
21.815849924087523
22.005162906646728
21.881726140975953
21.606362333297728
21.382505617141724
21.463501710891723
21.533250350952148
21.19205222517252
21.110164813101292
21.275464787483216
21.493489360809328
21.770132455825806
21.512673015594483
20.640725162029266
20.935125396251678
20.86877206802368
20.87901199102402
20.35488737180829
20.62369481936097
21.035628459453584
21.12424751609564
20.467330702245235
20.812073855400087
21.459509081840515
21.49803756713867
21.91837968468666
22.081980085372926
21.583952751159668
21.348431100845335
21.85785502433777
22.167701120376588
21.903631949424742
21.758866152763368
21.89294002056122
21.98609365463257
21.822789154052735
21.940770826339723
22.015458574295042
21.896755590438843
21.840453128814698
21.954123182296755
22.07837336540222
21.899329085350036
21.684744200706483
21.952394218444823
20.46507806286216
20.663824541568758
21.09529894351959
21.82478576660156
21.123052024841307
20.69346704006195
20.531389780044556
20.875378015041353
21.506134560108183
22.06147841453552
22.24820219039917
21.7281045627594
21.810150737762452
21.699152002334596
21.652588648796083
21.47826431751251
21.864265813827515
21.753230242729188
21.725704655647277
22.20010467529297
21.82313437461853
21.831089944839476
22.27318166732788
22.138396701812745
21.903171453475952
21.96669234275818
22.115804414749146
22.021981134414673
21.366992053985594
21.29380437850952
21.362256426811218
20.3141968549788
21.28018397331238
21.364324309825896
21.627724618911742
21.48037272453308
20.92972585439682
21.221094427704813
21.577661028504373
21.722197694778444
22.106570320129393
21.9859396648407
21.930433130264284
22.141258058547972
21.894111785888672
21.900272789001466
22.04717544555664
22.331168270111085
22.3560168838501
22.174552097320557
21.937540278434753
21.856349935531615
21.680290357396007
21.4759619808197
21.866633472442626
22.19208523273468
22.347815027236937
21.903867492675783
21.89167767047882
21.782887754440306
21.9383647108078
22.10338702201843
20.799524819850923
20.978649468421935
20.972282423973084
21.128274211883546
21.30840916633606
21.43022864818573
20.45458074837923
20.62234969884157
21.17774881362915
21.445245819091795
22.11745587348938
22.017137594223023
22.187743673324587
21.9401634311676
21.808850507736206
21.72383361816406
21.85633113861084
22.29428111076355
21.911360149383544
22.097716827392578
21.80996377944946
22.02765452384949
21.67588942050934
21.17912197470665
21.537140703201295
21.72046793937683
21.457805271148683
21.1343691444397
21.319629282951354
21.707505450248718
21.60887022972107
20.78661514185369
20.2734015750885
21.116658678650857
21.607500755786894
20.940036718845366
21.22411932706833
21.10440013885498
21.028198623657225
21.57670151233673
21.743559150695802
21.86683705329895
22.038684158325196
22.126487531661986
21.95782823562622
21.806833683252336
21.390733724832536
22.20543189048767
22.444930419921874
22.01549342274666
21.95481014370918
22.27677766799927
22.137278537750245
21.90667016983032
22.02549120903015
21.860564670562745
22.256040267944336
21.83306887626648
21.974259986877442
22.01450192451477
21.5367795419693
21.173811354637145
20.94626268863678
21.274041011333466
20.597775909900665
21.219249620437623
21.793478813171387
21.138787581920624
21.462081201076508
21.0102041387558
21.089849224090575
22.080366840362547
22.186661224365235
22.260726251602172
22.20220132827759
22.199457721710203
22.014618244171142
21.554672803878784
21.786668834686278
22.020567302703856
21.81646861076355
22.01721116065979
22.32988395690918
22.322356672286986
21.860831565856934
21.89326024055481
21.91683172225952
22.338229694366454
22.341127471923826
22.26491099357605
21.876290760040284
21.870361247062682
22.192786421775818
22.132542610168457
21.266311588287355
20.724358028769494
20.77104767501354
21.10021345615387
21.253876061439513
21.315622465610502
20.878143770694734
21.2048323059082
21.641110100746154
22.067784242630005
21.750254073143005
22.352542457580565
22.075864958763123
22.069042882919312
22.132748489379882
22.03927031517029
22.061549406051636
22.09126495361328
22.323675565719604
22.056047132015227
22.228174118995668
21.86396795272827
22.092277345657347
22.231061573028565
22.35851128578186
22.245917971134187
21.469751620292662
21.638120539188385
22.15866086959839
22.268330602645875
22.263061532974245
21.36022349834442
20.603460960388183
20.541631524562835
20.946447715759277
21.532699394226075
21.714465827941893
21.622895097732545
21.422740569114683
21.604965300559996
21.525453815460207
21.92868896484375
21.87316858837381
21.881848817560822
22.283340950012207
22.175273180007935
22.110385160446167
21.843392038345335
21.81203947067261
21.718181285858154
21.901766033172606
22.239577856063843
22.382081718444823
21.958515882492065
22.071995697021485
21.96682180404663
22.176912040710448
21.94494550704956
21.724232053756715
21.903820848464967
22.096610774993895
21.993646650314332
21.6198455119133
20.91333302259445
21.759496834278107
21.032566604614257
21.687778720855714
21.735632944107056
21.316369094848632
21.179162912368774
20.8341385781765
21.308105252981186
21.837008829116822
21.91025312423706
21.957505540847777
21.90522011756897
21.830691924095152
21.979321098327638
22.063893241882326
22.280288734436034
22.155550060272216
21.972364320755005
22.01183557510376
22.08075880050659
22.01802005767822
21.771732149124144
21.990870265960694
21.902691984176634
21.397495102882385
21.907395219802858
22.0167431640625
22.15325506210327
22.29075008392334
21.96560956478119
21.508781008720398
21.315943114757538
21.351458740234374
21.288946237564087
21.326893339157106
21.248972034454347
21.027236478328703
21.195477998256685
21.430610511302948
21.86662740945816
22.135116703510285
22.268144273757933
21.952186155319215
22.161112241744995
21.943781051635742
22.224757928848266
22.26102194786072
22.08522780418396
22.105355472564696
22.334211864471435
22.31171993255615
22.03779242515564
22.193322372436523
21.601307249069215
21.79191264152527
21.977008676528932
22.282896633148194
21.977129297256468
21.896513900756837
22.26318723678589
21.902251245975496
21.156158990859986
21.10553545475006
21.500782272815705
20.98462961435318
21.164725704193117
20.82726100206375
20.9859143948555
21.257407901287078
21.319420194625856
21.76487594127655
22.144108753204346
22.26624074935913
21.80632081031799
22.32743995666504
22.09645372390747
22.19776421546936
21.889959020614626
21.931984004974364
22.020970792770385
22.284949636459352
21.811350917816164
21.82183343410492
22.149579277038573
22.40031753540039
22.279459095001222
22.45302782058716
22.47360788345337
22.26005925178528
22.207217683792113
22.339007291793823
22.13735189437866
20.66828852415085
20.555440978975966
21.06521472454071
20.601677128337325
20.933850003778936
20.597483429014684
21.412975671291353
21.65853762149811
21.541868171691895
21.788663821220396
22.11893081665039
22.101954708993436
22.003429145812987
22.103340396881105
22.0390403175354
22.151892347335817
22.24618016242981
22.211235694885254
22.339669427871705
22.413142175674437
22.427825031280516
22.334914865493776
22.256048669815062
21.67945408821106
22.152676734924317
21.83334818840027
22.071646795272827
22.307721920013428
22.433498783111574
22.27669839859009
22.371229248046873
21.988854808807375
21.01622300863266
21.3087957239151
20.658263578414918
21.469633650779723
21.547486605644227
21.52838288784027
21.883233971595764
22.000117301940918
21.85481023788452
22.25616243362427
22.442739505767822
22.37150537490845
22.350313081741334
22.4915163230896
22.243695516586303
22.086830682754517
22.12833173751831
22.299742546081543
22.448537063598632
22.52152732849121
22.19579635620117
22.0901575756073
21.922027158737183
22.524081497192384
22.540492515563965
22.5010090637207
21.6917596077919
21.96259824514389
22.24910439014435
22.245361609458925
21.68968759536743
21.033286662101744
21.30534863471985
21.497284249067306
21.182624270915984
21.611181502342223
21.50102084636688
21.66223602294922
21.93775079727173
22.013068132400512
22.324573822021485
22.415443439483642
22.386738986968993
22.565026445388796
22.574298057556152
22.07037095069885
21.916648416519166
22.16509075164795
22.24658637046814
22.290932240486146
22.330293784141542
22.20992516517639
22.259229164123536
22.542298221588133
22.060957298278808
22.07118413925171
22.060156557559967
22.046487947441637
22.37458426807076
22.622601232528687
22.580288133621217
22.13056856393814
20.433906059265137
20.954122084379197
21.791825351715087
21.93424108505249
22.206558141708374
21.895536110401153
21.88006386756897
21.756062970161437
21.95654234409332
22.170643663406373
21.985739884376525
22.627973346710206
22.505558700561522
22.413582344055175
22.634805431365965
22.661177816390992
22.3741224193573
22.25609998703003
22.32771017074585
22.39019220352173
22.46489088058472
22.450662317276002
22.344077434539795
22.441931676864623
22.3839008808136
22.419916725158693
22.11772975921631
22.365280170440673
22.61389289855957
22.206958236694337
22.145340995788573
20.489742970466615
20.02634833753109
21.812406802177428
21.429416055679322
21.75222454071045
22.08201446533203
22.006376266479492
21.79017700433731
21.69126028776169
22.145396103858946
22.52845128059387
22.51937448501587
22.368848857879637
22.512700510025024
22.525766172409057
22.52413854598999
22.501367015838625
22.746154708862306
22.818836936950685
22.615633010864258
22.681421604156494
22.606000785827636
22.383358182907106
22.70050537109375
22.592762537002564
22.06195091366768
22.06681337483227
22.347302827835083
22.58778334617615
22.853528385162353
22.959407844543456
21.16262683391571
20.976343598365784
21.63635400623083
21.296386033557354
21.751770224571228
21.80944912135601
21.873748846054077
21.427585406303407
21.505520114898683
21.99309708595276
21.98127998352051
22.367661552429198
22.230809774398804
22.48919509887695
22.394973917007448
22.632599239349364
22.681949768066406
22.3280860042572
22.25220627784729
22.525721778869627
22.887717990875245
22.952835578918457
22.384217147827147
22.38262050628662
22.49122272491455
22.500099077224732
22.278716578483582
22.225883116722105
22.426544971466065
22.165270404815672
22.461591815948488
22.04966634273529
20.822854809761047
21.732239651679993
21.615803961753844
21.5055246758461
21.64468264579773
21.733311419487
22.107783002853395
21.716145095825194
21.761827087402345
22.20574712753296
22.520710163116455
22.20743558883667
22.50671636581421
22.338389139175415
22.43675538957119
22.41203018128872
22.369476981163025
22.298654627799987
22.361290102005004
22.383727674484252
22.440182662010194
22.25165111750364
22.670119972229003
22.40661608695984
22.16541757583618
22.6708376121521
22.48632840156555
22.36804962158203
22.282117900848387
22.249061126708984
22.527759780883787
21.32344706058502
21.665870554447174
21.28919605255127
21.523864636421205
21.85097508907318
21.481374468803406
21.55784205913544
22.106938314437866
21.781595087051393
21.849109716415406
22.404285316467284
22.66330888748169
22.614453535079956
22.547776594161988
22.437647466659545
22.462894124984743
22.366764726638795
22.41855067253113
22.453264236450195
22.5390629196167
22.564248275756835
22.74970335006714
22.452398862838745
22.71528028488159
22.40014057159424
22.312057876586913
22.392925415039063
22.15970067024231
22.38316309928894
22.6067551612854
22.523802490234374
22.325081300735473
22.153873796463014
21.68277988433838
21.641181797385215
22.066165180206298
21.831035957336425
21.846569204330443
22.22033480644226
22.16257564544678
22.159723224639894
22.38887029647827
22.07851689338684
22.473907279968262
22.41227306365967
22.26800456047058
22.291950073242187
22.329722585678102
22.434444074630736
22.039786648750304
22.41136344909668
22.556054944992066
22.218566570281983
22.07733073234558
22.60683168411255
22.582379264831545
22.569496593475343
22.38057668685913
22.456744861602782
22.507281408309936
22.158498306274414
22.038285331726073
22.227161264419557
21.30437696456909
21.393282017707826
21.303485419750213
21.465878562927244
21.70945339679718
22.05280221939087
21.83898048877716
21.647042145729063
21.745648443698883
21.796664814949036
22.006080448627472
22.47804172515869
22.407579460144042
22.459653301239015
22.38987739562988
22.37907398223877
22.1139817237854
22.092885894775392
22.3605096244812
22.385472068786623
22.46012662887573
22.629929342269897
22.49837264060974
22.205677375793456
22.48819619178772
22.398998460769654
22.065695638656617
22.1388667678833
22.19832781791687
22.182735204696655
22.43683518409729
21.73330898284912
21.622626581192016
21.688643124103546
21.684048097133637
21.518153688907624
21.51996664762497
21.293386454582215
21.267112152576445
21.052896223068238
21.339616689682007
22.289725713729858
22.16760115146637
22.474184312820434
22.263347668647768
22.243364641666414
22.143298513889313
22.50109585762024
22.445935354232788
22.364956617355347
22.547341136932374
22.63003839492798
21.93033703327179
22.39042474746704
22.54294095993042
22.47700548171997
22.500409870147706
22.411463985443117
22.410714435577393
22.44096725463867
22.594765338897705
22.479900646209718
22.042551317214965
21.811161823272705
21.811907892227172
21.575293636322023
21.901397261619568
22.19160747528076
21.84962578058243
21.90068653345108
22.106040010452272
21.905536057949067
22.09514002561569
22.541725368499755
22.259532985687255
22.159809942245484
22.511975622177125
22.579376125335692
22.699835720062257
22.280506722927093
22.26795396566391
22.37866613149643
22.71060297012329
22.467023277282713
22.718895206451418
22.137678937911986
22.38715382575989
22.44857524871826
21.92269663333893
22.33485029697418
22.648532428741454
22.634407348632813
22.77485019683838
22.284751410484315
21.82185438632965
21.822839770317078
21.69217830657959
22.03956528186798
21.923948543071745
21.68356456041336
21.81064588546753
22.058848395347596
22.12600522041321
22.252823190689085
22.50805046081543
22.58744909286499
22.621033115386965
22.460533800125123
22.668729887008666
22.5436732673645
22.520459680557252
22.36617833137512
22.525815343856813
22.708175086975096
22.37841562271118
22.400289907455445
22.477073984146116
22.45701382637024
22.364879350662232
22.49127904891968
22.01496344566345
21.886644854545594
22.238126339912416
22.596946439743043
22.42892102919519
21.968730194568636
21.8802330827713
21.78442629814148
21.51758345603943
21.818793535232544
21.968511781692506
22.24091820240021
22.008311133384705
22.000487837791443
22.379975061416626
22.647271614074707
22.331031017303467
22.635105447769163
22.48135073661804
22.67262092590332
22.520071353912353
22.42086019515991
22.15613588995766
22.11255742735695
22.22650164604187
22.66071668624878
22.517473764419556
22.6228719997406
22.696617240905763
22.699318237304688
22.332772221565246
22.09301362514496
22.565701942443848
22.449612503051757
22.67588279724121
22.46452075958252
21.880612874031065
22.005114092826844
21.626245896816254
21.858807549476623
21.991306681632995
21.89273738861084
21.461175165176392
21.605325078964235
21.891518766880036
21.83094130754471
22.198319730758666
22.4694144153595
22.680063285827636
22.43738368034363
22.24367881298065
22.080476927757264
22.312356786727904
21.965007214546205
22.075567593574522
22.479230580329894
22.73555416107178
22.79136260986328
22.643666906356813
22.18231213569641
22.492169313430786
22.42647976875305
22.306082973480226
22.317531147003173
22.214096875190734
22.325723338127137
22.272957110404967
21.756332223415374
21.80768289208412
22.029082593917845
22.24270562171936
21.88745390892029
21.52654192686081
22.32970513343811
22.20316888809204
22.415897521972656
22.196209321022035
22.37725437641144
22.64626932144165
22.3876739692688
22.63456434249878
22.741310234069825
22.26809459686279
22.29679864883423
22.353251180648805
22.61999433517456
22.443818130493163
22.54009515762329
22.515945501327515
22.682945613861083
22.62891634941101
22.68348204612732
22.368119068145752
22.630899896621703
22.932008323669432
22.8191064453125
22.19231957912445
22.263642344474793
22.15460483074188
21.62729101806879
21.6862540435791
21.776153824329377
21.622850289344786
22.276438126564027
22.433997020721435
22.294841089248656
22.117920479774476
22.093380436897277
21.964919996261596
22.452382965087892
22.611822805404664
22.600093774795532
22.71237958908081
22.52353444099426
22.539914236068725
22.45552603721619
22.53449273109436
22.53720580101013
22.72229410171509
22.57233238220215
22.70238757133484
22.776907901763916
22.695000610351563
22.72567590713501
22.615346412658692
22.38853973865509
22.427624926567077
22.306295957565307
22.53060269832611
22.28092399597168
21.924006271362305
21.906101021766663
21.892734375
22.198218488693236
22.135733394622804
22.3288956451416
22.081665284633637
21.701658160686492
22.053881063461304
22.051975940167903
22.364882367551328
22.347252492904662
22.511032848358155
22.384276361465453
22.591643981933593
22.77373462677002
22.946622219085693
22.815824251174927
22.744791498184203
22.763356580734253
22.86837854385376
22.46824081391096
22.788700160980223
22.8471595954895
22.43743133544922
22.18062961578369
22.512260789871217
22.495877475738524
22.529134340286255
22.60924108505249
22.522929821014404
22.2236040019989
21.895433225631713
21.835456290245055
21.739690051078796
22.093195328712465
22.171401071548463
22.036236872673033
21.944920620918275
22.101172389984132
22.292848777770995
22.532837753295897
22.516159734725953
22.473797101974487
22.53871383666992
22.644656391143798
22.62712230682373
22.659515647888185
22.559009227752686
22.310213766098023
22.229058046340942
22.653598499298095
22.608413834571838
22.757893009185793
22.64732434272766
22.177535572052
22.255310831069945
22.44609065532684
22.608987641334533
22.715224895477295
22.459483470916748
22.38527254104614
22.457422409057617
21.78165132045746
21.834694254398347
21.842605051994322
21.914371559619905
22.14386190652847
22.301182250976563
21.99600926399231
21.76757722854614
22.23696113586426
22.46107085227966
22.514637565612794
22.660507221221923
22.610720195770263
22.64570869445801
22.47347053527832
22.484088306427
22.56858612060547
22.682265396118165
22.6998729801178
22.67636216163635
22.69928337097168
22.880014419555664
22.42130751609802
22.40266880989075
22.176832904815672
22.50609517097473
22.738628902435302
22.580317401885985
22.31745500564575
22.304896068572997
22.370109329223634
21.714584151506426
21.144808909893037
21.22513075351715
21.95559072494507
21.90532431602478
21.33958691596985
21.32374153137207
22.034900493621826
21.937690806388854
21.858493990898133
22.464992923736574
22.719571151733398
22.51518274307251
22.468652172088625
22.48914963722229
22.59108684539795
22.461076040267944
22.76930660247803
22.55002799987793
22.555034379959107
22.57648648262024
22.666763849258423
22.56119337081909
22.32235704421997
22.44331157684326
22.31872624397278
22.594295597076417
22.417779207229614
22.468038930892945
22.776109857559206
22.19778823375702
21.591523604393004
21.46824598312378
21.91338998556137
22.16528977394104
21.933144402503967
21.770970749855042
21.923525391817094
21.500759688615798
21.64442976117134
21.835409212112427
22.28229232788086
22.667788848876953
22.700699081420897
22.31256681919098
22.61595418930054
22.700905666351318
22.619292516708374
22.474550681114195
22.429719414711
22.301878514289857
22.5248192691803
22.860071620941163
22.338023710250855
22.47054988861084
22.427445249557493
22.69860863685608
22.698101110458374
22.625522556304933
22.343523263931274
22.494346060752868
22.599431500434875
21.919693884849547
22.06425265789032
21.956946392059326
21.94610153913498
22.11481249809265
22.03603059053421
21.91897396326065
22.0086759185791
22.288310260772704
22.110229988098144
22.318764266967772
22.615224523544313
22.50960452437401
22.689715013504028
22.785306100845336
22.748623790740968
22.592445459365845
22.470528745651244
22.508267917633056
22.489970207214355
22.514529418945312
22.599576740264894
22.76633647918701
22.685873432159426
22.518071041107177
22.64651005744934
22.844661254882812
22.704936466217042
22.49027552127838
22.63275143146515
22.57175020694733
22.16858839035034
22.194437074661256
21.99002353668213
22.164314174652098
22.489000301361084
22.215653939247133
21.812577981948852
21.37106806755066
21.96490671157837
21.688959000110625
21.999736454486847
22.90303409576416
22.658302059173582
22.40866063117981
22.706254177093506
22.53502516746521
22.76656750679016
22.687667045593262
22.616525325775147
22.582680301666258
22.5913219165802
22.75763789176941
22.590440149307252
22.581652393341063
22.448089923858642
22.46979474067688
22.649352054595948
22.81299337387085
22.86469253540039
22.60154914855957
22.537673778533936
22.534080028533936
21.680239975452423
22.20631820678711
22.558102951049804
22.15884398460388
21.83429181098938
22.20751856803894
22.36830593109131
22.143536138534547
22.151552305221557
22.460115242004395
22.638106994628906
22.807736349105834
22.76250930786133
22.707819213867186
22.75836702346802
22.577919173240662
22.522216906547545
22.57595196723938
22.61436911582947
23.05059423446655
22.935798473358155
22.643295059204103
22.75076820373535
22.648482027053834
22.349306468963622
22.530825510025025
22.460793294906615
22.7609997177124
22.839402446746828
22.516140155792236
22.4779935836792
21.16756414413452
21.806245541572572
22.11782172203064
22.3543971824646
22.153501272201538
22.055766005516052
22.1200830411911
21.945562015920878
22.028571392446757
22.53779336929321
22.69830743789673
22.40952561855316
22.806593389511107
22.17912049293518
22.84940517425537
22.733474712371827
22.472725610733033
22.500887956619263
22.66261065483093
22.728668928146362
22.958047437667847
22.78906092643738
22.580068283081054
22.474481763839723
22.70390350341797
22.468072967529295
22.752211418151855
22.66452000617981
22.49944483757019
22.541326494216918
22.54830121040344
22.340756998062133
21.46976414203644
22.01896319925785
21.902813963890075
21.74898267745972
22.61311637878418
22.409324197769166
22.47311703681946
22.25983835697174
21.885051213502884
22.32010472893715
22.837538890838623
22.780125999450682
22.61750344276428
22.789797859191893
22.99466848373413
22.99522029876709
22.846010990142823
22.81766384124756
22.480121192634105
22.50627119988203
22.467564229667186
22.870480556488037
22.920470085144043
22.85228175163269
22.630366449356078
22.803896980285643
22.84563591003418
22.9275182723999
22.764153094291686
22.547393736839293
22.646681537628172
21.937943665981294
21.91419589281082
22.262043855190278
22.076382336616515
21.881132011413573
22.122522292137145
22.401224670410155
21.94936849594116
21.8609295797348
22.312204599380493
22.776544094085693
22.820614204406738
22.746294193267822
22.710929231643675
22.37118262410164
22.671137280464173
22.921833953857423
22.750615882873536
22.694908695220946
22.903151092529296
22.885434226989744
22.59530839920044
22.405464000701905
22.70446623802185
22.269471969604492
22.565783114433287
22.409782433509825
22.73896065711975
22.762272205352783
22.668613920211794
22.6272865152359
22.148733229637145
22.455090637207032
22.212253971099855
22.352291164398192
22.327656264305116
22.600337982177734
22.538993644714356
22.477778816223143
22.414950723648072
22.220656785964966
22.38144431114197
22.715724086761476
22.824588661193847
22.972011737823486
22.70318724632263
22.496582326889037
22.715560255050658
22.46405044555664
22.642316031455994
22.93947052001953
23.010586128234863
22.79282980918884
22.647525987625123
22.98925018310547
22.858980531692506
22.824776268005373
22.755684385299684
22.81233682632446
22.81105097293854
22.44462342739105
22.360729937553405
22.454881422519684
22.20679000288248
22.384758434295655
22.00155303478241
22.49082676410675
22.347871165275574
22.38230605125427
22.427440910339357
22.349882593154906
22.321499013900755
22.41309627532959
22.783957509994508
22.902948684692383
22.84723985671997
22.496172933578492
22.92065788269043
22.876597852706908
22.869116468429567
22.91756576538086
22.81030285835266
22.936862173080446
22.891429643630982
22.842214317321776
23.068010177612305
22.753213977813722
22.936691093444825
22.945835971832274
22.893959522247314
22.90004707336426
22.782020874023438
22.537053594589235
22.275445499420165
21.960746726989747
22.157498474121095
22.51150556564331
22.246928429603578
22.21139353275299
22.417404551506042
22.53585889339447
22.411461787223814
22.11786141872406
22.188156409263613
22.6955207157135
22.799020767211914
22.806073455810548
22.835776023864746
23.006458377838136
22.93993865966797
22.788623485565186
22.600940685272217
22.6640940952301
22.89291732788086
22.836009979248047
22.39854591066018
22.734491691589355
22.853398265838624
22.677169818878173
22.721586656570434
22.910128955841063
22.90987491607666
22.879796867370604
22.868436374664306
22.724138514995573
21.978696711063385
21.608016909360884
22.175509061813354
22.44580665111542
22.234350049495696
21.738986957073212
22.05617516040802
21.764046630859376
22.14819896221161
22.301598541736602
22.291133530139923
22.783708896636963
22.93958688735962
22.55949306488037
22.83276025772095
22.67821317434311
22.736297223567963
22.80475628852844
22.643978433609007
22.31084342330694
22.595987685620784
22.717096085548402
22.949468898773194
22.826121129989623
22.804397888183594
23.081795406341552
22.954512300491334
22.92545489311218
22.943846149444582
22.510607935786247
22.595728766322136
21.60110517680645
21.748631813526153
22.072910485267638
22.143601450920105
22.293542201519013
22.342168729305268
22.19484235525131
22.20513105392456
22.230277824401856
22.36599468231201
22.549763126373293
22.81254343032837
22.780114784240723
22.65159637451172
22.568102886676787
22.661067934036254
22.710706405639648
22.507393045425417
22.454162693023683
22.767519378662108
23.077317180633546
23.180490798950196
22.884086389541626
22.73242630004883
22.756035375595093
22.949099750518798
22.441083235740663
22.414559988975526
22.664582962989808
22.515238132476806
22.543752365112304
22.3356281375885
22.254250011444093
22.4865943813324
22.299128932952883
22.10330309152603
21.638680582046508
21.785405421257018
21.66262146949768
21.7148202085495
22.07149154663086
22.249957494735717
22.831501274108888
22.819080352783203
22.99411811828613
23.001901111602784
22.74455672264099
22.77275495529175
22.650858449935914
22.58294458389282
22.607873315811158
22.6610250043869
22.469220843315124
22.532411804199217
22.97012544631958
22.73297013282776
22.706109552383424
22.891002101898195
23.003493099212648
23.059571781158446
22.915047931671143
22.661005697250367
22.562157964706422
22.02011833190918
22.188840267658232
22.34017484664917
22.47876501083374
22.006425033807755
22.518692836761474
22.157685933113097
21.799353217482565
22.010128735899926
22.15844650685787
22.62887156486511
22.752009992599486
22.96889501571655
22.973795890808105
22.916952209472655
22.931703968048097
22.938509826660155
23.10431251525879
23.092169036865233
22.792191877365113
22.877428579330445
22.731047830581666
23.07570544242859
22.80587700843811
22.743331232070922
22.81580743789673
22.596277952194214
22.635836324691773
22.51672637939453
22.5569171333313
22.651379976272583
22.3082234954834
21.840480999946593
22.218275713920594
22.37397623538971
22.56363021850586
22.20853578567505
22.09026659488678
22.026299409866333
22.00770796298981
22.343791644573212
22.6712628364563
22.971618423461916
22.84665542602539
22.758717784881593
22.722155570983887
22.700161581039428
22.557296485900878
22.75623550415039
22.653913288116456
22.666875686645508
22.970478105545045
22.852100095748902
22.512546329498292
22.50191047668457
22.820886192321776
22.730119342803956
22.60137294769287
22.413072781562803
22.43703778743744
22.331565182209015
22.061278046965597
21.597188448309897
21.767828755378723
22.09627765893936
22.206775670051574
22.311620693206788
22.331845064163208
22.004118968248367
21.84456886410713
22.146549139022827
22.30442253112793
22.330371046066283
22.467630681991576
22.755167617797852
22.366258931159972
22.621132698059082
22.512655501961707
22.506375913619994
22.615685291290283
22.90789249420166
22.813420877456664
22.703962378501892
22.567186942100523
22.299176263809205
22.544178037643434
22.71925397872925
22.72913101196289
22.802261295318605
22.75267481803894
22.67418803215027
22.736670570373533
22.481685333251953
21.97887697696686
21.52798752784729
21.855244473218917
22.15019498348236
22.3053533744812
22.208042469024658
22.297330584526062
22.065928575992583
22.10036893606186
22.177531986236573
22.191992802619936
22.53300025463104
22.66735034942627
22.64688570022583
22.831984443664552
22.936226959228517
22.921494178771972
22.875826711654664
22.699478616714476
22.783217782974244
22.76303936958313
22.92735168457031
22.745761852264405
23.041220703125
22.7268382358551
22.719293460845947
22.76581706047058
23.031258811950682
23.106955261230468
23.058326110839843
22.85037654876709
22.823494186401366
21.891472823619843
22.137698249220847
22.551664381027223
22.295242853164673
22.487389736175537
22.36169694185257
22.173151881694793
22.39835540294647
22.69344524383545
22.71531225204468
22.90693254470825
23.057315578460692
22.903838500976562
23.0132546043396
23.06755323410034
22.9747877407074
22.967891511917113
22.953707065582275
22.80316788673401
22.910809144973754
22.972748937606813
22.73536533355713
22.961546268463135
22.843143281936644
22.451589431762695
22.805881395339966
23.114334983825685
22.896512622833253
22.873551063537597
22.92165439605713
22.931774768829346
22.772932472229005
22.020863060951232
22.15748969554901
22.344794602394103
22.407259883880617
22.30456590414047
22.016029756069184
22.012566920518875
21.796934819221498
22.560129384994507
22.916499671936034
23.010044136047362
22.911216144561767
22.519819021224976
22.75954493522644
22.951000804901124
22.713333587646485
22.69528799057007
22.830558166503906
22.88219108581543
23.025453720092774
23.0045321559906
22.87765657424927
22.659448585510255
22.84324933052063
22.875097351074217
22.63952530860901
22.771502161026
22.861370506286622
22.861674003601074
22.851130838394166
22.767890453338623
21.684832899570466
22.360880179405214
22.393639030456544
22.420192971229554
22.29109736442566
21.93086310148239
21.91344535112381
22.333021273612975
22.173948616981505
22.165596308708192
22.75330967903137
22.722151374816896
22.647612190246583
22.649407510757445
22.78478259086609
22.881524639129637
22.947317428588867
22.96943670272827
22.834590005874634
22.747059288024904
22.669871702194214
22.705800695419313
22.901663188934325
22.77645707130432
22.760560665130615
22.690659875869752
22.39807165145874
22.659843702316284
22.617292192578315
22.823949936032296
22.853206462860108
22.045021426677703
21.650940747745334
22.133868018463254
21.315668001174927
21.987977151870727
22.200646867752074
22.251876454353333
22.12970528125763
21.49757866382599
21.60679763317108
21.92943986415863
22.986176414489748
22.839812498092652
22.873602542877197
23.084419479370116
22.489845147132872
22.354421792030333
22.620809745788574
22.805138454437255
22.74167188644409
22.792193546295167
22.989231281280517
22.72731304168701
22.428315315246582
22.712245454788206
22.397014122009278
22.523154106140137
22.714549388885498
22.657759304046632
22.79994676589966
22.57765609264374
22.292562527656557
22.236944718360903
22.263959946632387
22.299637365341187
22.386598424911497
22.07592686891556
21.855256090164186
21.365052523612977
21.805300488471985
22.49747838973999
22.86030324935913
22.844460430145265
22.730867261886598
22.737923583984376
22.529382429122926
22.806697454452515
22.8816987991333
22.85804220199585
22.746308040618896
22.67842540740967
22.772960433959963
22.89734885215759
22.675902204513548
22.93074592590332
22.82401925086975
22.59538507461548
22.901174278259276
23.000854587554933
22.95483528137207
22.690056762695313
22.77030071258545
22.743957576751708
21.79080719232559
22.331221017837525
22.015402250289917
21.848724560737608
22.188553490638732
22.00388442993164
21.91348969936371
22.27575539588928
22.30791160583496
22.536725673675537
22.899729022979738
22.9775177192688
22.7153013420105
22.705714769363404
22.65572678565979
22.598476734161377
22.79978461265564
22.697941370010376
22.60586022377014
22.780893831253053
23.0449339389801
22.908720798492432
22.891437005996703
22.688730239868164
23.007608890533447
23.074284152984617
