0.0030686830689844033
0.027202317828479677
0.0362813492832791
0.0633381687628571
0.11666371967759914
0.13954614837304688
0.19821899274364113
0.24597193125111516
0.2934151929285144
0.27935249147412833
0.27447499327361585
0.26526677200570703
0.31614238428883257
0.3873268232773989
0.4778527852287516
0.6414109900174663
0.5760685036005452
0.5857897494360804
0.5601749319210648
0.6072806685417891
0.5984204807411879
0.6238056694529951
0.6818779014982284
0.7930677483603358
0.7793711490184069
0.7665992043167352
0.7574401856958866
0.8640264154970646
1.0610967576503754
1.2862382449954748
1.241441241875291
1.1832664357312024
1.1814649354387075
1.2827763182390481
1.2334136004140601
1.1691822118405253
1.2090468099247664
1.2806273709516973
1.2817894487129524
1.396630677236244
1.3762813397031277
1.3544601358193904
1.4045511820307002
1.5310272187879308
1.6920028417371213
1.9334144098497927
2.214156273026019
2.2915384627692403
2.2242323021311314
2.1924379190523178
2.0717991070915014
1.8644606572482736
1.7245630227122455
1.830533579494804
1.5842351160012185
1.5720967015437781
1.5882982511818409
1.4412206524983049
1.5577070691250265
1.537793313395232
1.562807589881122
1.7807356589660048
1.7216378795541822
1.7773002152703703
1.8841714068129658
1.8054345700331031
1.8878268182184548
1.7861507150670513
1.7008244320517405
1.6353543049050494
1.5571540118119447
1.6059794461977435
1.7324397968751146
1.7234917456534458
2.2073444521799686
2.342230515293777
2.359827567599714
2.4334278493002057
2.3267272539064288
2.2503775430098174
2.2479981729388236
2.1256348898634316
2.2139778773114087
2.022270230166614
1.9455127469822764
2.007210927195847
1.9491149344667793
1.915823024623096
2.0688375294581056
2.0297854807041587
2.0211932379752398
2.2481225285679103
2.072132452018559
2.11324866944924
2.123620621971786
1.7145072418637575
1.7874753215163945
1.9256331953406334
2.0962226462364195
2.002501358836889
2.0233692341297864
2.197441979646683
2.1403374772518875
2.214648131765425
2.3234894378483295
1.986545537598431
1.9602676950674505
2.1075262775924055
2.1792268373817207
2.328676743246615
2.4780445617064832
2.6135342210158705
2.4599765912815927
2.5634705703891814
2.6348497000150384
2.4599693319015206
2.597253090273589
2.6962693473510444
2.697506371513009
2.794115519337356
2.7898075046762822
2.5177803697809575
2.4495311146602035
2.427941186837852
2.3911126535758376
2.5614342052862047
2.3369730185344815
2.0194574857782572
2.086192884845659
2.069497574372217
2.1318848706688733
1.8560164276044815
1.9355033587571233
2.0459864365309475
2.1588917746488003
2.380000894898549
2.574473966890946
3.155095067480579
3.364179513528943
3.332225599884987
3.20672671854496
3.0535630452632905
2.934853700995445
2.8856410585343837
2.702059347629547
2.7740768293943256
2.820925910519436
2.791969775157049
2.918688667444512
2.6944825555197895
2.712173890154809
2.9655452392809094
2.9038540507666766
2.721234138607979
2.7390208788216115
2.6171292419731618
2.6648738662153484
2.3433172362297774
2.4325223203003405
2.361615373417735
2.345025190496817
2.3329316677246243
2.3459678480867296
2.1704599510971456
2.1666787880659104
1.9677779924869538
1.8151902851834893
1.9114963669702412
1.9338351495936512
2.22971473749727
2.42510212905705
2.357019324451685
2.3388487723469735
2.28405287489295
2.3084438686212523
2.329230484305881
2.3210436890413986
2.36644045279827
2.477495994879864
2.836805290891789
2.8837562039634212
3.1090505927056076
2.976100955675356
3.070880559380166
3.0191510955942795
2.7528785064583645
2.6198291129386053
2.4661757755093277
2.510990899782628
2.5244658149778845
2.6224402679130434
2.6626839215680955
2.8574171409383418
3.0803970355167984
2.9860428154096006
3.1256743194162846
3.176067621856928
3.1509444822371004
3.2278919257223606
3.2480983602255584
3.281789354979992
3.2840804767608645
3.202769231796265
3.2125995530188085
3.1130872549116613
2.944215603992343
2.955565363690257
3.0075408259779213
2.7856960842758416
2.9299927478656174
2.9514329548552634
2.7182616860419513
2.7309578232467175
2.6712711373716593
2.6935408916696906
2.3706431832537054
2.4659998027607797
2.488595401123166
2.4284135331586003
2.324617354833754
2.4116272303357253
2.1104665997519625
2.3993261624022852
2.525071065442171
2.5498600101377815
2.5431751833762974
2.5055882653500885
2.605328415846452
2.5840099813696
2.401009089862928
2.38071599425748
2.6461133384890854
2.8713770086504518
2.989202361596981
2.9176281832216775
2.806120783543447
2.6777244838757905
2.528412664317293
2.5920367617241573
2.4133803360559978
2.5454095511906782
2.3657379405968824
2.5005872564786116
2.5949908721446993
2.5758525511622428
2.5362272049486636
2.6309354479052125
2.4967874726839363
2.5579042843170465
2.5468829379673115
2.571433921835851
2.388048927101772
2.5579826078447514
2.2607147824298592
2.4347133732121438
2.451576941637322
2.252976782275364
2.0915844544302673
2.250592455267906
2.281399267017841
2.3571841283142567
2.5325840476527812
2.5945954616740345
2.5272165640443562
2.6191410077363253
2.6224890836607666
2.525998009657487
2.509983146553859
2.5443663026113064
2.5570925239357165
2.455340046945494
2.7275808491534552
2.811549666763749
2.772271726166364
2.975793946888298
2.648545170519501
2.7277411875873803
2.7435829980671405
2.7828688947530464
2.872295721215196
2.797749192328192
2.6691717495629566
2.96530361531768
2.716252393964678
2.6633257121779024
2.5802769562602044
2.5386395874619483
2.6862317232787607
2.722633626386523
2.7213929056189956
2.676194158177823
2.6697668303363025
2.6333094216068273
2.572067473840434
2.6684109306824393
2.7514076410606503
2.8012148936465384
2.960204035304487
2.932346653044224
2.7744378203433007
2.8892090011108666
2.835021261153743
3.1518943409901112
3.0088435441534966
3.1502271538972852
2.921299788951874
2.9428559509851038
2.461776912305504
2.2948682043887674
2.0507987582311036
2.1162064293771983
2.0150061080604793
2.1051941455341874
2.491116131618619
2.28209008205682
2.1992724607139826
2.11368016352877
2.174331923406571
2.181069258488715
2.2821513190306724
2.16297740098089
2.2237124653719365
2.1522404851578174
2.208170807491988
2.02060884937644
2.0473718190006913
2.173216614625417
2.2034914449369536
2.331633294648491
2.8187345590954647
2.801186462487094
2.898968069329858
3.0311654322594404
2.991459673680365
2.948581771533936
2.81667784800753
2.4861790702398867
2.3699815375730395
2.3612307919561863
2.324210418816656
2.373102845158428
2.726354839773849
2.731241653887555
2.7203761968575417
2.6592414492089302
2.8030940791685133
2.571668424149975
2.828157661492005
2.79326050946489
2.6381911018490793
2.6260681800730525
2.5916886661108585
2.40646250882186
2.5181304623093457
2.5447502464149148
2.4731880696769806
2.8106367469765248
2.807578373197466
2.9481301563978195
2.80137335345149
2.7253090563230216
2.6329225998651236
2.6924266135226933
2.741575162885711
2.5848776627611367
2.6487712620943786
2.8690175985265522
2.8415803446341306
2.8472137804422526
2.9286086559668183
2.9301617063395677
3.085870442222804
3.0559280334971843
3.2745467685721814
3.469157988820225
3.4202737651020287
3.4889692122489215
3.6018915121629833
3.4811283399537207
3.419781413190067
3.363808795325458
3.2482811480388047
3.2258011396601796
3.138588202483952
2.9434074227884413
2.9978440485522153
3.1391723702475427
3.0247146585583686
3.0967792216688395
3.3998111544549463
3.561789964735508
3.627508516535163
3.757464484348893
3.923398287817836
3.68603538710624
3.649451844803989
3.3419550620391965
3.3487648529186846
3.383392876721919
3.5170971225202083
3.6539802891388535
3.4420844320580364
3.240322542740032
3.074193088365719
3.123722066907212
3.0999291782733054
3.27697356200777
3.303559728860855
3.256446945518255
3.1830455236136914
3.194413752704859
3.1194198353216054
3.4433382515236737
3.237163806669414
3.3207287630066276
3.292153762020171
3.3404495130106806
3.060295584760606
3.172961294539273
3.04123013664037
3.1644784351438284
3.499371790960431
3.4086169577389955
3.572490546517074
3.578128118030727
3.5638120537204667
3.664293789933436
3.7105336516024545
3.6895010480703787
3.8777499968605116
3.983865294945426
3.991944240258308
4.018412991716759
3.9152688312076496
3.717144304915564
3.8539091281138824
3.8103183566220107
3.7850607641227545
3.817126378901303
3.692326828893274
3.50087364371866
3.564581784773618
3.8167200453439727
3.749236578163691
3.743782689315267
4.049619607967324
3.720021454882808
3.9333991158287973
3.830221914802678
4.1694882191950455
4.334404203915037
4.791394632011652
4.659920658692718
4.485330446735024
4.37547489721328
4.29303784548596
3.969549790167366
4.076148322516238
4.07203060633794
4.1176768344390435
4.101171687543392
3.8738866603188216
3.7459884864278137
3.784143580533564
3.675010536313057
3.88877303365618
3.8913819778338077
3.9845079000853003
4.163443640973419
4.533688809741289
4.652856674082577
4.873963901009411
4.756596250217408
4.385298382882029
4.326927896682173
4.060280699760187
3.991380695097614
4.299982757486869
4.3343493517790925
4.4121664296765815
4.465196306325961
5.028489361293614
5.089036433435976
5.202849322669208
5.0155082812625915
4.91457742814906
4.764404769586399
4.612858522133902
4.628290788726881
5.001628536777571
5.314167868643999
5.283111261501908
5.7708976286649705
5.711660052577499
5.3769677124568265
5.449717305118684
5.3948175505572
5.175903973507229
5.116421153293922
5.201382858501748
5.119253507507965
5.01392305473797
4.817376027200371
4.28585370591376
4.411739008664154
4.579650439969264
4.571854654639028
4.8108291302388535
5.063361630192958
5.373290168801322
5.473751983204856
5.55581802168861
5.796479687206447
5.794337885975838
5.653110382594168
5.474192742034793
5.679061330482364
6.051345240101218
6.153905859589576
6.214478413425386
6.098305759988725
6.050281337611377
5.836846727393567
5.550876230858266
5.691487991698086
5.975325339660048
6.06862010974437
5.997838587947189
6.088732966538519
6.08470690632239
5.854063578937203
5.764642870053649
5.867306026741862
5.856776811983436
6.059363556224853
5.932530528958887
5.928667019512504
6.094135712292045
6.21489572038874
6.239378780741244
6.412129272837192
6.612695071995258
7.062624019682407
6.970594775378704
6.93024871647358
7.349900753200054
7.493359471820295
7.062522404151968
6.934777299552224
6.830797267346643
6.895538125722669
6.747820320813917
6.659669593661092
6.821081947810017
6.98372307760641
7.408110684752464
7.566272252202034
7.823927607759833
7.789226119145751
7.715929711684584
7.7549823697656395
7.303478919565678
7.061486409381032
7.158552281931042
7.175297426912002
7.067628395515494
6.7261019194824625
6.424660757253878
6.397350329644978
6.3417268140986565
6.277050717659295
6.50035680282861
6.855322873070836
7.138727486804128
7.21496859818697
7.5319772830605505
7.660219384729862
7.553189595043659
7.640299309790135
7.559471205770969
7.86384494304657
7.88129839900881
8.106959170140327
8.135319941081107
8.08498547937721
7.942328497432173
7.847670113071799
7.853146698921919
7.867086739987135
7.918191775940358
7.890429695285857
7.756674166284501
7.782240789495408
7.942311451993882
7.931425458528102
7.989782396890223
7.766294690780342
7.658713777288795
7.435576116144657
7.448633548319339
7.3531588593125345
7.613295878395438
7.969789564013481
8.427117625772953
8.310277334600688
8.521235591322183
8.70990211442113
8.49231327727437
8.540381185635924
8.902720667347312
8.460584871992468
8.325968625769018
8.429872822985054
8.41767060302198
8.50695815205574
8.364690881967544
8.670762366056442
8.868348687579855
9.089567521503195
9.148126340797171
9.043815601756796
9.009219319215044
9.141893075406552
9.094076636731625
9.005416252315044
9.113337750136852
9.07042379707098
8.746150016635656
7.986278133243323
7.697136704772711
7.53729380056262
7.85497383415699
8.06641120016575
8.346902876496316
8.362920385599136
8.529254167079925
8.707441413402558
8.68196719944477
8.798509784340858
8.999100706577302
9.094788383245469
9.109688435792924
9.028743890523911
8.97761276125908
8.865040789954364
8.986339591257273
8.763602177612484
8.939457011930644
9.224659507982432
9.475516661107541
9.416994080394506
9.481794563382865
9.768386623710393
9.775722358077765
9.539377307146788
9.651555469483137
9.834474545121193
9.600844749808312
9.347576115727424
8.90975327597931
8.565588736031204
8.744662315342575
8.963094841931015
9.010183166954667
8.907507544904947
9.37722788207233
9.61710914939642
9.752245412766934
9.546005747020244
9.746124461889266
9.977832878828048
10.068091415166855
9.963117832876742
9.862255088947713
9.832693418404087
9.594844294926151
9.542606052299961
9.317602861514315
9.328947284808383
9.159198870314285
9.53128301645629
9.769481087177992
9.800146292333956
9.580978568268474
9.865554931832012
10.055286622715649
10.29098833985394
10.40348708867794
10.556638004891575
10.206611874215305
9.551938568465411
9.315970993824303
9.3473176439479
9.83290627837181
9.813370608091354
9.949668339490891
10.338662309646606
10.296858825852397
10.406796274353983
10.65173825996113
10.591624856462003
10.701298828591826
11.03705823212862
11.11921218186617
10.910636251494289
11.06540140889585
11.100173928961159
11.206317708715796
11.135428302511572
11.147868023142218
11.308603358808904
11.417830271596904
11.542410797948833
11.609610600347514
11.503049313898082
11.57280458145484
11.653097529411315
11.642650895118713
11.450978875160217
11.404168968200684
11.306601524353027
10.87478575348854
10.2024464841187
10.183817357867957
10.23008035644889
10.192759458869695
10.58047869309783
10.922429567426443
11.30835980206728
11.349828765392303
11.184824817180633
11.512595930099486
11.417926697731017
11.608025765419006
11.574077131077647
11.149467172827572
11.119637479986995
11.079650120940059
11.119096689429135
11.051924410071225
11.048698740210384
11.156248485203832
11.606548950672149
11.882725622653961
11.863419661521911
11.794618945121766
11.591303815841675
11.626290640830995
11.704690098762512
11.3794723174721
11.256268634572626
11.344483959451317
11.195894246324897
10.332517513260246
10.093418088406324
9.881998326387256
10.037979807462543
10.7666465655528
10.957609371300787
11.089698155280203
11.25362488662824
11.337855402585118
11.41407312547788
11.738275833129883
11.731906661987304
11.700539827346802
11.617676172852516
11.647139912247658
11.53477687984705
11.32668890863657
11.46678982168436
11.848734830915928
12.067388575971126
12.208553173542022
12.425522518157958
12.40881625175476
12.072516483664513
11.768650586344302
11.679894457794726
11.606333609558641
11.583720656372607
11.492321601845324
11.319265826679766
11.09472181268502
10.748096697670407
10.513042261940427
10.495588350635954
10.617699499470183
10.907044171690941
11.110949351787568
11.511007559299468
11.491203696504236
11.58074044443667
11.452428709045053
11.578545003905893
12.025450423955917
12.196769679784774
12.286989244371652
12.293048700243235
11.93469072714448
11.76518135562539
11.54540045157075
11.546304997354746
11.428041066080333
11.642380833625793
11.69662142753601
12.178247748613357
12.146370117664338
12.260922605991363
11.887194015085697
11.910092386305331
12.02301808744669
12.144417242109775
12.03965443521738
12.128209137022495
11.384795718193054
11.097704701423645
11.121946873664855
10.911091508865356
11.206076566576957
11.267441080212594
11.732962396144867
11.93013905763626
11.90373162150383
11.88146183914505
12.066231870120392
12.446649513905868
12.141998480027542
11.95497579921037
11.980380700053647
11.987215407313778
12.064628707589582
11.996940604867413
12.223186406316236
12.418951305570081
12.436506412923336
12.462251337468624
12.324230386540293
12.218310512825846
12.222382485494018
11.946168556287885
11.74773093946278
11.614900907133705
11.771123571624049
11.771859550704248
11.794191940058955
11.725966272135265
11.35727768421173
11.260388312339783
11.29715494632721
11.350580747127532
11.568958373069764
11.737782019674778
12.16503229647875
12.111582269966602
12.11060748130083
12.080944499671459
12.121579596400261
12.273658882975578
12.401725642085076
12.450537433624268
12.547880815863609
12.513141407370567
12.581721748709679
12.604038051962853
12.510589401125907
12.584772641062736
12.712505462169647
12.66441665172577
12.67830011367798
12.860555429458618
12.853214848041535
12.822315175533294
12.836665894985199
12.555550701618195
12.653911581039429
12.828579425811768
12.556308858394623
11.829463949203491
11.345431468486787
10.96750590324402
11.129568083286285
11.599063503742219
11.617500471174717
11.833225826323032
12.051666630282998
12.355198970809578
12.378249454274773
12.082049512639642
12.318310981467366
12.426795610189437
12.39292175149545
12.577279655691235
12.397214374300093
12.541666420456021
12.311094984766095
12.328409051652997
12.455735121965409
12.488878909349442
12.592185455560685
12.83484495162964
12.870277042388915
13.084891672134399
13.09168553352356
12.880025265216828
12.783621501922607
12.756483001708984
12.64424992389977
12.18032353706658
11.310595805421471
10.948687444701791
10.624921963512897
10.679083003252744
11.142317600399256
10.993090795699972
11.238555614177603
11.667093496744055
11.668703699533362
12.163371031705756
12.660485762630124
12.827377376556397
12.854531564712524
12.91020089864731
12.728935251235962
12.610419358313084
12.607961930334568
12.618980711996555
12.417253312170505
12.528523987829685
12.557476977407932
12.941669520437717
13.218645009994507
13.250599727630615
13.282170734405518
13.038170093297959
12.916870421171188
12.917475661039353
12.864240025281907
13.040701140165329
12.81094990618527
12.524208716228605
11.478644372299314
11.166863478496671
11.210203684568405
11.447023474872113
11.51764768332243
11.641778599917888
11.71214931935072
11.854291448295116
12.308187381923199
12.646797270476817
13.108122911155224
13.216639988422394
13.305145435333252
13.180853009223938
13.179417314529418
13.098741598129273
12.938081474974751
12.661399597600102
12.711495098546147
12.821161336377264
12.827309650853277
13.066401174068451
12.92754700422287
12.91456395149231
12.914151210784912
12.857726030913181
12.887557907667942
12.637033026781864
12.7910912757786
12.53874747412745
12.224840941601434
11.831039652433246
11.510658490266652
11.421334503889083
11.70920256137848
11.870531839132308
11.783460997343063
12.134793256521226
12.383555935621262
12.702655500173568
13.094490209817886
13.513411145210267
13.484922590255737
13.41310394704342
13.298484043478966
13.199207109808922
13.16343456685543
13.07950902402401
13.048639258742332
12.971307812981541
13.016326037697727
12.964768840126926
13.210326373033459
13.351259409837658
13.331140005044873
13.418473167419434
13.085919531285763
13.030837477147578
12.953775947988033
13.035839508473874
13.040730608403683
12.770005355477332
12.435403136909008
11.54891536206007
11.664999539852142
12.07936870098114
12.009600968360902
12.167187829017639
12.25204322218895
12.421963795423508
12.895408467054366
12.98149957060814
12.812087693810463
13.112319300770759
13.169016434550285
13.137251536250114
13.224128491282464
13.294240627288819
13.415877714157105
13.245221110582351
13.367346655130387
13.419883581399917
13.362118813991547
13.24416826248169
13.134955931901931
13.152342835664749
13.411956214904786
13.407836170196534
13.134585330635309
13.299566202312707
13.237498645931483
13.182889876514674
13.092361340671777
12.531205453723668
12.262740738093854
12.100275351703168
11.923162071406841
12.490172839164734
12.629359078407287
12.836651437282562
13.007520456314086
13.017848629951477
13.11011345386505
13.336522724628448
13.430897815227508
13.668349785804748
13.559218044281005
13.348613166809082
12.875352438660338
12.894485033722594
12.859846547814087
12.674839938851074
12.516922237845138
12.47394460436888
12.784905468672514
13.083404659032821
13.172890375852585
13.275527804344893
13.306509333401918
13.233429775983096
13.002987507134677
13.10506829097867
13.01291418388486
13.02497078254819
12.605335524082184
12.35209126472473
11.734081130027771
11.880014371871948
11.975286448001862
12.061214458942413
12.212540137767792
12.061367942690849
12.023997322916985
12.353089663386346
12.428099915385246
13.03442556798458
12.997043134570122
12.973678548336029
12.795746972411871
12.476346730347723
12.47165690338239
12.44460421955213
12.74742676174268
12.743972295876592
12.827556749936193
13.067313387393952
13.086196491718292
13.189068105220795
13.197375402450561
13.216528365015984
13.201593796610831
13.240649554133416
13.076378546357155
12.78127861917019
12.872562398314477
12.766020502448082
12.047187709957361
11.899472449570894
12.004711747914552
11.966747755408287
12.213356127142907
12.450219269394875
12.366344195008278
12.47553883612156
12.761069824695587
12.803457939624787
13.228428416252136
13.415588717460633
13.4079026222229
13.353536863327026
13.33429630279541
13.25408555984497
13.291963968276978
13.253708972930909
13.20428759932518
13.036004403829574
12.908139570951462
12.878740991353988
13.108564676046372
13.011255601644516
13.341366024017335
13.353786849975586
13.30285017490387
13.252160019874573
13.082580652236938
12.945014791488648
12.892750988006592
12.12670162320137
11.892724427580834
11.505177158638835
11.977790740057825
12.02314940162003
12.153494390025735
12.030532572045923
12.49039284862578
12.503124915733933
12.5266648260504
12.863743090927601
13.38534925699234
13.481855058670044
13.641354203224182
13.594264054298401
13.530786786079407
13.216262833690271
13.096029474353418
12.951667811488733
12.915583045100794
12.973074094867334
13.237844667434693
13.474653239250182
13.3764399766922
13.25512288570404
13.033240432739257
12.905293445587159
12.85440776348114
12.859099998474122
12.84470633983612
12.77489902973175
12.320079967975616
11.757399906665087
11.720385159999132
11.686246561557054
12.113653633147479
12.479093718081712
12.853277850151063
12.942206344604493
13.141780443191529
13.141166377067567
13.091905767917632
13.169779150485992
13.066807461977005
13.129551082849503
13.197471412420272
13.051408584266902
13.07376207128167
12.798971766978502
12.818355617076158
13.037585101872683
12.952742059975863
13.017036523222924
13.085826213359832
13.06941576242447
13.115570149421693
13.187950983047486
13.259622011184693
13.17443148612976
13.081960579175503
13.220660673398525
13.087765755672008
12.853852744121104
12.252393502611667
11.70934249356389
11.935869912654162
12.015140962153673
11.961828364878892
11.86025711491704
12.396970052868127
12.331435766369104
12.601560675948859
12.640369050353765
13.072427034378052
13.307189264297484
13.454016180038453
13.334078185111284
13.077188858091832
13.169567216932773
13.014637550413608
12.927279485762119
12.998118585646152
12.874632195532321
13.061139721870422
13.385977227687835
13.41238306500949
13.314196262145416
13.333146846080199
13.179338791156187
13.108438312793151
12.985663009537383
12.960383087052032
12.912808159459383
12.641557448003441
11.920003639850766
11.324476524554193
11.549704205729068
11.751357192732394
11.697175479568541
11.919235263504088
11.924484736770392
12.196699335426093
12.466223053783178
12.490885366052389
12.728035183995962
13.241477187871933
13.18157015800476
13.06563272178173
13.191790682673455
13.035556184649467
13.254158336520195
13.149266931414605
13.055141435265542
13.011414142251015
12.840562228560447
13.093131334781647
13.12124498128891
12.984129247143864
13.269634687379003
13.257625978328287
13.222686817981304
13.179254358150065
13.145275566913188
12.837551994659007
12.907224993370473
12.02673458814621
11.922927039265632
11.751835534870624
12.07712415009737
12.18203177511692
12.538227725625038
12.600254111886024
12.853150815963746
12.919561052322388
12.981843736171722
13.187398507893086
13.473920912742615
13.606695785522462
13.708223314285279
13.750712146759033
13.604917144179344
13.56409440934658
13.563188466429711
13.410345124602317
13.391040944457053
13.416781997084618
13.44579478263855
13.712791261672974
13.773872075080872
13.751696829795838
13.705789456367492
13.643581576347351
13.379967950582504
13.454263461828232
13.415619028806686
13.31237429022789
12.414669613558798
11.538383875954896
11.267420444358141
11.51568222509697
11.952713846117257
12.136465310156346
12.361637525707483
12.583726112991572
12.819043138176204
12.931793925911188
13.14628964677453
13.641823661327361
13.774822089672089
13.869515843391419
13.87280044078827
13.886465153694154
13.740893883705139
13.64162338733673
13.548125786781311
13.540987858772278
13.53400635242462
13.58031289100647
13.868495601974427
13.560413462482392
13.496034333072602
13.296392687521875
13.365964540839196
13.028747708713636
12.997582709705457
12.748090732088313
12.695910470476374
12.006883084019647
11.928506364151836
11.791927148550748
12.080778564810753
12.238077483177186
12.19527177810669
11.994545860290527
12.04651885509491
12.201142423152923
12.361691029071809
12.843909351825713
12.985136504173278
13.308322685956956
13.60547849535942
13.398269165754318
13.178134397268295
13.097047157250344
13.065942602120339
13.114436874352396
13.272311989031731
13.257423239909112
13.358927508555352
13.702442839145661
13.52700091123581
13.565554821491242
13.435506536960602
13.211869035065174
13.147306238729506
13.114876624662429
12.809091158825904
12.862571049649269
12.666151237208396
12.786133369822055
12.813533242940903
12.605426374673844
12.70593152165413
12.690782426595687
12.638345321416855
12.67353148341179
12.712077420949935
12.666941033601761
12.797282663583756
13.28276059627533
13.540760970115661
13.923099250793458
13.908183774948121
13.647784356176853
13.57599416643381
13.641468361914157
13.4953224375844
13.231072559654713
13.065738344490528
13.085906219780446
13.33938647866249
13.446116143465042
13.653520603179931
13.746384377479552
13.782142701148986
13.622155876159669
13.641623477935791
13.464070043563844
13.52442455291748
13.518958177566528
13.394240322113037
13.16818747997284
13.097128043174743
13.028539199829101
12.939432663917541
13.039119668006897
13.033062224388123
13.064102725982666
13.038804260492325
13.165237690210342
13.463139625787734
13.544704838991166
13.747103395462036
13.803096141815185
13.729484510421752
13.812762203216552
13.796491827964783
13.58381239414215
13.552913842201233
13.43496063441038
13.47013445109129
13.319298393428326
13.681186253726482
13.787950673103332
13.842373194694519
13.762661805152893
13.687786870002746
13.654953207969665
13.599342160224914
13.585560674667358
13.622788734436035
13.475908834934234
12.825303699970245
12.71710420370102
12.202099420130253
12.197444657385349
12.594995254576206
12.714182933866978
12.743820690214633
12.801049898304045
12.7452548629418
13.033359501995147
13.615635031796991
13.650953444577754
13.754556918144226
13.789863815307617
13.867519626617431
13.820697736740112
13.853875484466553
13.910858192443847
14.004631958007813
14.006962871551513
14.000763711929322
13.804674472808838
13.523792564868927
13.434891407489777
13.560327723026276
13.576502764225006
13.537705376148224
13.559696972370148
13.535452128648759
13.609422570466995
13.265564857721328
12.683407481908798
12.106074069738389
12.132306994199753
12.051214674711227
11.938380459547043
12.208955293893814
12.506261895895005
12.657398463487626
12.800600033998489
13.068732647895812
13.399600253105163
13.399568281173707
13.412959008216857
13.376736373901368
13.3800532913208
13.199136635661125
13.035885021090508
13.163653389811516
13.115786343738437
13.01398759715259
13.122372363731266
13.141884015724063
13.581934630870819
13.41606843661517
13.472791413776577
13.473270587436854
13.634695891849697
13.613610066883266
13.519077686779202
13.564203562252224
13.434574735574424
12.86918525904417
12.456339783370495
12.539726239442825
12.692492611408234
12.815275821685791
12.915225174427032
12.717872432172298
12.652068034932018
12.754451329037547
12.939064161106945
12.814501340910793
13.321490761041641
13.38761416554451
13.537044291496278
13.486111679077148
13.390313363075256
13.494046397209168
13.386883196681739
13.442443079799414
13.412871589511633
13.252313303053379
13.45535412698984
13.475811225026845
13.417889882177114
13.627736737132073
13.587235190272331
13.588146740198136
13.447198685407638
